year,month,Metro,Country,Total
2018,January,570,291,861
2018,February,632,274,906
2018,March,714,313,1027
2018,April,635,245,880
2018,May,660,262,922
2018,June,589,236,825
2018,July,619,264,883
2018,August,654,218,872
2018,September,528,233,761
2018,October,658,230,888
2018,November,600,226,826
2018,December,581,197,778